-4.931280310060562044e+01 5.425453337223481753e+01
-9.327898843686767805e+00 -8.846757722332367280e+01
-4.153615496819735853e+01 -4.226037619167095727e+01
6.695846005946305013e+01 -8.461981396514633502e+01
2.642699751893877647e+01 9.494737792580815494e+01
-9.597443711106961928e+00 6.529348599202702985e+01
-7.957257895247417423e+01 1.367295080892398573e+01
3.637388139275614662e+01 7.686582638444048143e+01
-4.024752946257385844e+01 -3.571569372507184426e+00
5.748431831474229625e+01 -7.116678184692135289e+01
2.719662024886697793e+01 -9.599574419662204150e+01
-4.076680981712581797e+01 -6.688807388052111946e+00
8.417227158348507032e+01 -4.125642908964650957e+01
-3.631801060338211329e+01 8.495536302507423443e+01
-4.492482797949899265e+01 -6.166119605793858227e+01
2.944085160476222995e+01 -5.067400961321031616e+01
-3.337733000088488211e+01 -7.885967114293413260e+01
-8.207156877620744240e+01 8.781934816286565137e+01
-3.644465176131532758e+01 5.103135916468738742e+01
-8.425939499696809776e+00 2.313596727009388587e+01
9.947056952255346118e+01 6.016263762374452995e+01
-9.812023674027908271e+01 8.704403050247697138e+01
-3.833375300574370925e+01 3.730870479523775884e+01
5.321920010037356974e+01 -2.312511120584579771e+01
2.340558242793957788e+01 4.165879241844012881e+01
